acc-p0: 0.7857142857142857 +- 0.01785714285714285
acc-p1: 0.7678571428571429 +- 0.03092947870658711
acc-p2: 0.8154761904761905 +- 0.04493949068613536
acc-p3: 0.8630952380952381 +- 0.02727723627949907
acc-p4: 0.7321428571428571 +- 0.09449111825230683
f1-macro-p0: 0.7237968352959633 +- 0.04697938912461771
f1-macro-p1: 0.6290814067450358 +- 0.06899150428268964
f1-macro-p2: 0.7418394330291721 +- 0.09009257773324371
f1-macro-p3: 0.7962806136660585 +- 0.048947761214314905
f1-macro-p4: 0.6168859946637725 +- 0.0596261713320463
acc-all-p: 0.7928571428571428 +- 0.06288148879163932
f1-macro-all-p: 0.7015768566800004 +- 0.08968383478825731
