acc-p3: 0.6890927624872579 +- 0.03617665052023655
acc-p5: 0.72579001019368 +- 0.03652525102802967
acc-all-p: 0.7074413863404689 +- 0.03822491332858081