acc-p0: 0.7660256410256411 +- 0.036403258626924825
acc-p1: 0.7435897435897436 +- 0.020016019225635884
acc-p2: 0.7307692307692307 +- 0.03466876226407686
acc-all-p: 0.7467948717948718 +- 0.03115740720388396
