acc-p0: 0.7409785932721713 +- 0.01817450514752737
acc-p3: 0.7172273190621815 +- 0.0385337281022035
acc-p5: 0.6861365953109072 +- 0.07293711545416884
acc-all-p: 0.7147808358817533 +- 0.04848758625866659
