acc-p0: 0.7790841584158416 +- 0.009387013410051805
acc-p1: 0.7898102310231023 +- 0.0040630601492557955
acc-p2: 0.7867849284928493 +- 0.010966021148708881
acc-p3: 0.6916941694169417 +- 0.014058721583203563
f1-p0: 0.746741013636344 +- 0.00877772148266677
f1-p1: 0.7403270527601052 +- 0.01810427171701288
f1-p2: 0.7444843136519507 +- 0.019346502200897838
f1-p3: 0.6675705748975181 +- 0.006485203442310603
em-p0: 0.34312696747114374 +- 0.0244515848850599
em-p1: 0.3690101434067856 +- 0.011317726259086015
em-p2: 0.35362014690451204 +- 0.02272445732183392
em-p3: 0.2186079048618398 +- 0.017879507406970346
acc-all-p: 0.7618433718371838 +- 0.04339270660479596
f1-all-p: 0.7247807387364795 +- 0.036677763777431815
em-all-p: 0.3210912906610703 +- 0.06477399338994094
