acc-p0: 0.5151515151515151 +- 0.0023942401750030877
acc-p1: 0.5381400208986417 +- 0.003619750904010212
acc-p2: 0.49216300940438873 +- 0.029365194349835734
acc-all-p: 0.5151515151515151 +- 0.024832256297421418
