acc-p0: 0.8571428571428571 +- 0
f1-macro-p0: 0.7023060796645703 +- 0
acc-all-p: 0.8571428571428571 +- 0
f1-macro-all-p: 0.7023060796645703 +- 0
