acc-p0: 0.7788461538461539 +- 0
acc-all-p: 0.7788461538461539 +- 0
