acc-p0: 0.8143564356435643 +- 0
f1-p0: 0.7817652764306497 +- 0
em-p0: 0.40293809024134314 +- 0
acc-all-p: 0.8143564356435643 +- 0
f1-all-p: 0.7817652764306497 +- 0
em-all-p: 0.40293809024134314 +- 0
