acc-p0: 0.5141065830721003 +- 0
acc-all-p: 0.5141065830721003 +- 0
