acc-p0: 0.7709480122324159 +- 0
acc-all-p: 0.7709480122324159 +- 0
