acc-p0: 0.8366666666666667 +- 0.025166114784235794
acc-p1: 0.8666666666666667 +- 0.023094010767585053
acc-all-p: 0.8516666666666667 +- 0.027141603981096368
