acc-p0: 0.5764139590854392 +- 0.04711617797942692
acc-p1: 0.5956678700361011 +- 0.05910002001351947
acc-p2: 0.6305655836341757 +- 0.06718423514901498
acc-p3: 0.628158844765343 +- 0.025270758122743653
acc-p4: 0.6365824308062575 +- 0.02403728562627938
acc-all-p: 0.6134777376654633 +- 0.04711881230209145
