acc-p0: 0.7075812274368231 +- 0
acc-all-p: 0.7075812274368231 +- 0
